((("pitch" .
   [2 0 1 2 0])
  ("while" .
   [1 0 0 0 0])
  ("range" .
   [1 0 0 0 0])
  ("ImageDraw" .
   [1 0 0 0 0 0 0 0 0])
  ("led" .
   [1 0 0])
  ("arduino" .
   [1 0 0 0 0 0 0])
  ("plt.plot" .
   [1 0 0 0 0 0 0 0])
  ("filename" .
   [0 0 0 0 1 0 0 0])
  ("filepath" .
   [1 0 0 0 0 0 0 0])
  ("files" .
   [1 0 0 0 0])
  ("1/" .
   [1 0])
  ("1.free/kato/" .
   [0 0 0 0 0 0 0 0 1 0 0 0])
  ("./scatterGraph.py" .
   [0 0 0 0 0 1 0 0 0 0 0 0 0 0 0 0 0])
  ("result" .
   [1 0 0 0 0 0])
  ("else" .
   [2 0 0 0])
  ("target" .
   [3 0 0 0 0 0])
  ("serachSignatureFile" .
   [0 0 0 0 1 0 0 0 0 0 0 0 0 0 0 0 0 0 0])
  ("setdefault" .
   [0 0 1 0 0 0 0 0 0 0])
  ("int" .
   [2 0 0])
  ("binascii" .
   [0 0 0 0 1 0 0 0])
  ("str" .
   [6 0 0])
  ("quit" .
   [1 0 0 0])
  ("print" .
   [8 0 0 0 0])
  ("len" .
   [2 0 0])
  ("argc" .
   [2 0 0 1])
  ("fileName" .
   [1 0 0 0 0 0 0 0])
  ("argv" .
   [2 0 1 0])
  ("title" .
   [2 0 0 0 0])
  ("count" .
   [1 0 0 0 0])
  ("if" .
   [7 0])
  ("sys.argv" .
   [2 0 0 0 0 0 0 0])
  ("argvs" .
   [9 0 1 0 1])
  ("dataReader" .
   [0 0 0 0 0 0 1 0 0 0])
  ("scatterGraph" .
   [0 0 0 1 0 0 0 0 0 0 0 0])
  ("row" .
   [5 0 0])
  ("for" .
   [1 0 0])
  ("data" .
   [2 0 0 0])
  ("def" .
   [2 0 0])
  ("sys" .
   [3 0 0])
  ("csv" .
   [1 0 0])
  ("__name__" .
   [1 0 0 0 0 0 0 0])
  ("color-theme-initialize" .
   [0 0 0 0 0 0 0 0 0 0 0 0 0 0 2 1 0 0 0 0 0 0])
  ("color-theme" .
   [0 0 0 0 0 0 1 0 0 0 4])
  ("eval-after-load" .
   [0 0 0 0 0 0 0 1 0 0 0 0 0 0 0])
  ("color-theme-tangotango" .
   [0 0 0 0 0 1 0 0 0 0 0 0 0 0 0 0 0 0 0 0 0 0])
  ("require" .
   [0 0 1 0 0 2 1])
  ("class" .
   [0 0 1 0 0])
  ("time" .
   [1 0 1 0])
  ("import" .
   [9 0 0 0 0 0])
  ("remq" .
   [1 0 0 0])
  ("when" .
   [1 0 0 0])
  ("as" .
   [3 0])
  ("plt" .
   [4 0 0])
  ("np" .
   [1 0])
  ("plt.show" .
   [0 0 0 0 0 0 1 0])
  ("echo" .
   [1 0 0 0])
  ("############" .
   [0 0 0 0 0 0 0 0 0 0 0 1])
  ("checkFile" .
   [0 0 0 0 0 1 0 0 0])
  ("in" .
   [1 0])
  ("open" .
   [2 0 0 0])
  ("inputFile" .
   [0 0 0 1 0 1 1 0 3])
  ("file" .
   [1 0 0 0])
  ("find" .
   [1 0 0 0])
  ("outputFile" .
   [0 0 0 0 0 1 1 0 0 0])
  ("zipData" .
   [4 0 0 0 1 0 0])
  ("close" .
   [0 0 0 1 0])
  ("getData" .
   [3 0 0 0 0 0 0])
  ("is" .
   [3 0])
  ("not" .
   [1 0 0])
  ("File" .
   [1 0 0 0])
  ("./createRayRightLeftCSV.py" .
   [0 0 1 0 0 0 0 0 0 0 0 0 0 0 0 0 0 0 0 0 0 0 0 0 0 0])
  ("1.free/" .
   [0 0 0 0 1 0 0])
  ("plt.xlabel" .
   [1 0 0 0 0 0 0 0 0 0])
  ("plt.ylabel" .
   [1 0 0 0 0 0 0 0 0 0])
  ("http" .
   [3 0 0 0])
  ("response" .
   [0 0 0 1 0 1 0 0])
  ("8888" .
   [1 0 0 0])))
